V = [1.2 1.6 24];
I = 0.001;
R = V ./ I